caffeine 0 1 0.0166358595194085
caffeine 1 2 0.025878003696857672
caffeine 2 3 0.06561922365988909
caffeine 3 4 0.011090573012939002
caffeine 4 5 0.018484288354898338
caffeine 5 6 0.005545286506469501
caffeine 6 7 0.019408502772643253
caffeine 7 8 0.04066543438077634
caffeine 8 9 0.011090573012939002
caffeine 9 10 0.011090573012939002
caffeine 10 11 0.009242144177449169
caffeine 11 12 0.0036968576709796672
caffeine 12 13 0.013863216266173753
caffeine 13 14 0.005545286506469501
caffeine 14 15 0.021256931608133085
caffeine 15 16 0.024029574861367836
caffeine 16 17 0.006469500924214418
caffeine 17 18 0.030499075785582256
caffeine 18 19 0.011090573012939002
caffeine 19 20 0.011090573012939002
caffeine 20 21 0.009242144177449169
caffeine 21 22 0.010166358595194085
caffeine 22 23 0.027726432532347505
caffeine 23 24 0.0073937153419593345
caffeine 24 25 0.011090573012939002
caffeine 25 26 0.011090573012939002
caffeine 26 27 0.009242144177449169
caffeine 27 28 0.014787430683918669
caffeine 28 29 0.009242144177449169
caffeine 29 30 0.0073937153419593345
caffeine 30 31 0.06561922365988909
caffeine 31 32 0.011090573012939002
caffeine 32 33 0.005545286506469501
caffeine 33 34 0.005545286506469501
caffeine 34 35 0.011090573012939002
caffeine 35 36 0.006469500924214418
caffeine 36 37 0.011090573012939002
caffeine 37 38 0.012939001848428836
caffeine 38 39 0.0073937153419593345
caffeine 39 40 0.005545286506469501
caffeine 40 41 0.012014787430683918
caffeine 41 42 0.06007393715341959
caffeine 42 43 0.024029574861367836
caffeine 43 44 0.02865064695009242
caffeine 44 45 0.027726432532347505
caffeine 45 46 0.033271719038817
caffeine 46 47 0.054528650646950096
caffeine 47 48 0.011090573012939002
caffeine 48 49 0.011090573012939002
caffeine 49 50 0.09426987060998152
caffeine 50 51 0.027726432532347505
caffeine 51 52 0.024953789279112754
caffeine 52 53 0.011090573012939002
codeine 0 1 0.011090573012939002
codeine 1 2 0.014787430683918669
codeine 2 3 0.0073937153419593345
codeine 3 4 0.022181146025878003
codeine 4 5 0.021256931608133085
codeine 5 6 0.01756007393715342
codeine 6 7 0.024029574861367836
codeine 7 8 0.00831792975970425
codeine 8 9 0.012014787430683918
codeine 9 10 0.018484288354898338
codeine 10 11 0.010166358595194085
codeine 11 12 0.009242144177449169
codeine 12 13 0.0036968576709796672
codeine 13 14 0.009242144177449169
codeine 14 15 0.010166358595194085
codeine 15 16 0.015711645101663587
codeine 16 17 0.009242144177449169
codeine 17 18 0.04990757855822551
codeine 18 19 0.015711645101663587
codeine 19 20 0.005545286506469501
codeine 20 21 0.0073937153419593345
codeine 21 22 0.009242144177449169
codeine 22 23 0.026802218114602587
codeine 23 24 0.26062846580406657
codeine 24 25 0.12199630314232902
codeine 25 26 0.0073937153419593345
codeine 26 27 0.018484288354898338
codeine 27 28 0.12199630314232902
codeine 28 29 0.011090573012939002
glucose 0 1 0.02310536044362292
glucose 1 2 0.0166358595194085
glucose 2 3 0.02310536044362292
glucose 3 4 0.005545286506469501
glucose 4 5 0.011090573012939002
glucose 5 6 0.018484288354898338
glucose 6 7 0.015711645101663587
glucose 7 8 0.02033271719038817
glucose 8 9 0.027726432532347505
glucose 9 10 0.018484288354898338
glucose 10 11 0.059149722735674676
glucose 11 12 0.005545286506469501
glucose 12 13 0.034195933456561925
glucose 13 14 0.0166358595194085
glucose 14 15 0.014787430683918669
glucose 15 16 0.018484288354898338
glucose 16 17 0.009242144177449169
glucose 17 18 0.02865064695009242
glucose 18 19 0.015711645101663587
glucose 19 20 0.02033271719038817
glucose 20 21 1.0
glucose 21 22 0.00831792975970425
paracetamol 0 1 0.009242144177449169
paracetamol 1 2 0.0009242144177449168
paracetamol 2 3 0.009242144177449169
paracetamol 3 4 0.03512014787430684
paracetamol 4 5 0.00831792975970425
paracetamol 5 6 0.018484288354898338
paracetamol 6 7 0.005545286506469501
paracetamol 7 8 0.005545286506469501
