caffeine 0 1 0.0
caffeine 1 2 0.045454545454545456
caffeine 2 3 0.0
caffeine 3 4 0.5454545454545454
caffeine 4 5 0.0
caffeine 5 6 0.0
caffeine 6 7 0.030303030303030304
caffeine 7 8 0.0
caffeine 8 9 0.06060606060606061
caffeine 9 10 0.045454545454545456
caffeine 10 11 0.015151515151515152
caffeine 11 12 0.12121212121212122
caffeine 12 13 0.0
caffeine 13 14 0.022727272727272728
caffeine 14 15 0.12121212121212122
caffeine 15 16 0.0
caffeine 16 17 0.045454545454545456
caffeine 17 18 0.0
caffeine 18 19 0.0
caffeine 19 20 0.0
caffeine 20 21 0.0
caffeine 21 22 0.0
caffeine 22 23 0.0
caffeine 23 24 0.007575757575757576
caffeine 24 25 0.0
caffeine 25 26 0.0
caffeine 26 27 0.0
caffeine 27 28 0.045454545454545456
caffeine 28 29 0.0
caffeine 29 30 0.06060606060606061
caffeine 30 31 0.0
caffeine 31 32 0.06060606060606061
caffeine 32 33 0.0
caffeine 33 34 0.06060606060606061
caffeine 34 35 0.09090909090909091
caffeine 35 36 0.1590909090909091
caffeine 36 37 0.015151515151515152
caffeine 37 38 0.36363636363636365
caffeine 38 39 0.0
caffeine 39 40 0.0
caffeine 40 41 0.08333333333333333
caffeine 41 42 0.0
caffeine 42 43 0.0
caffeine 43 44 0.022727272727272728
caffeine 44 45 0.12121212121212122
caffeine 45 46 0.0
caffeine 46 47 0.0
caffeine 47 48 0.015151515151515152
caffeine 48 49 0.0
caffeine 49 50 0.0
caffeine 50 51 0.10606060606060606
caffeine 51 52 0.022727272727272728
caffeine 52 53 0.0
codeine 0 1 0.07575757575757576
codeine 1 2 0.09090909090909091
codeine 2 3 0.030303030303030304
codeine 3 4 0.0
codeine 4 5 0.030303030303030304
codeine 5 6 0.06060606060606061
codeine 6 7 0.09090909090909091
codeine 7 8 0.022727272727272728
codeine 8 9 0.03787878787878788
codeine 9 10 0.015151515151515152
codeine 10 11 1.0
codeine 11 12 0.030303030303030304
codeine 12 13 0.030303030303030304
codeine 13 14 0.030303030303030304
codeine 14 15 0.1893939393939394
codeine 15 16 0.022727272727272728
codeine 16 17 0.0
codeine 17 18 0.015151515151515152
codeine 18 19 0.0
codeine 19 20 0.0
codeine 20 21 0.10606060606060606
codeine 21 22 0.030303030303030304
codeine 22 23 0.09090909090909091
codeine 23 24 0.0
codeine 24 25 0.0
codeine 25 26 0.05303030303030303
codeine 26 27 0.08333333333333333
codeine 27 28 0.0
codeine 28 29 0.0
glucose 0 1 0.10606060606060606
glucose 1 2 0.06060606060606061
glucose 2 3 0.22727272727272727
glucose 3 4 0.030303030303030304
glucose 4 5 0.15151515151515152
glucose 5 6 0.030303030303030304
glucose 6 7 0.022727272727272728
glucose 7 8 0.10606060606060606
glucose 8 9 0.25
glucose 9 10 0.15151515151515152
glucose 10 11 0.06818181818181818
glucose 11 12 0.030303030303030304
glucose 12 13 0.13636363636363635
glucose 13 14 0.15151515151515152
glucose 14 15 0.09090909090909091
glucose 15 16 0.24242424242424243
glucose 16 17 0.10606060606060606
glucose 17 18 0.24242424242424243
glucose 18 19 0.03787878787878788
glucose 19 20 0.045454545454545456
glucose 20 21 0.13636363636363635
glucose 21 22 0.0
paracetamol 0 1 0.015151515151515152
paracetamol 1 2 0.015151515151515152
paracetamol 2 3 0.015151515151515152
paracetamol 3 4 0.12121212121212122
paracetamol 4 5 0.045454545454545456
paracetamol 5 6 0.06060606060606061
paracetamol 6 7 0.022727272727272728
paracetamol 7 8 0.030303030303030304
