caffeine 0 1 1.0
caffeine 1 2 0.043478260869565216
caffeine 2 3 0.0
caffeine 3 4 0.014492753623188406
caffeine 4 5 0.014492753623188406
caffeine 5 6 0.14492753623188406
caffeine 6 7 0.14492753623188406
caffeine 7 8 0.4492753623188406
caffeine 8 9 0.057971014492753624
caffeine 9 10 0.17391304347826086
caffeine 10 11 0.4057971014492754
caffeine 11 12 0.043478260869565216
caffeine 12 13 0.043478260869565216
caffeine 13 14 0.0
caffeine 14 15 0.07246376811594203
caffeine 15 16 0.028985507246376812
caffeine 16 17 0.028985507246376812
caffeine 17 18 0.0
caffeine 18 19 0.0
caffeine 19 20 0.0
caffeine 20 21 0.0
caffeine 21 22 0.0
caffeine 22 23 0.014492753623188406
caffeine 23 24 0.0
caffeine 24 25 0.014492753623188406
caffeine 25 26 0.014492753623188406
caffeine 26 27 0.0
caffeine 27 28 0.014492753623188406
caffeine 28 29 0.014492753623188406
caffeine 29 30 0.014492753623188406
caffeine 30 31 0.014492753623188406
caffeine 31 32 0.014492753623188406
caffeine 32 33 0.0
caffeine 33 34 0.0
caffeine 34 35 0.0
caffeine 35 36 0.014492753623188406
caffeine 36 37 0.014492753623188406
caffeine 37 38 0.028985507246376812
caffeine 38 39 0.014492753623188406
caffeine 39 40 0.0
caffeine 40 41 0.0
caffeine 41 42 0.0
caffeine 42 43 0.0
caffeine 43 44 0.0
caffeine 44 45 0.0
caffeine 45 46 0.0
caffeine 46 47 0.0
codeine 0 1 0.6666666666666666
codeine 1 2 0.028985507246376812
codeine 2 3 0.0
codeine 3 4 0.0
codeine 4 5 0.0
codeine 5 6 0.0
codeine 6 7 0.0
codeine 7 8 0.0
codeine 8 9 0.10144927536231885
codeine 9 10 0.0
codeine 10 11 0.0
codeine 11 12 0.0
codeine 12 13 0.0
codeine 13 14 0.0
codeine 14 15 0.0
codeine 15 16 0.028985507246376812
codeine 16 17 0.014492753623188406
codeine 17 18 0.0
codeine 18 19 0.0
codeine 19 20 0.0
codeine 20 21 0.0
codeine 21 22 0.0
codeine 22 23 0.0
codeine 23 24 0.014492753623188406
codeine 24 25 0.014492753623188406
codeine 25 26 0.0
codeine 26 27 0.0
codeine 27 28 0.028985507246376812
glucose 0 1 0.18840579710144928
glucose 1 2 0.014492753623188406
glucose 2 3 0.0
glucose 3 4 0.07246376811594203
glucose 4 5 0.0
glucose 5 6 0.0
glucose 6 7 0.0
glucose 7 8 0.0
glucose 8 9 0.0
glucose 9 10 0.0
glucose 10 11 0.014492753623188406
glucose 11 12 0.0
glucose 12 13 0.0
glucose 13 14 0.0
glucose 14 15 0.0
glucose 15 16 0.0
glucose 16 17 0.0
glucose 17 18 0.0
paracetamol 0 1 0.2898550724637681
paracetamol 1 2 0.0
paracetamol 2 3 0.0
paracetamol 3 4 0.0
paracetamol 4 5 0.0
paracetamol 5 6 0.014492753623188406
paracetamol 6 7 0.014492753623188406
