caffeine 0 1 1.0
caffeine 1 2 0.0652712131442719
caffeine 2 3 0.035561557506189514
caffeine 3 4 0.016655413009227998
caffeine 4 5 0.017555705604321403
caffeine 5 6 0.0
caffeine 6 7 0.0
caffeine 7 8 0.0
caffeine 8 9 0.006302048165653837
caffeine 9 10 0.0
caffeine 10 11 0.0
caffeine 11 12 0.0054017555705604325
caffeine 12 13 0.0011253657438667567
caffeine 13 14 0.022957461174881837
caffeine 14 15 0.0
caffeine 15 16 0.0011253657438667567
caffeine 16 17 0.0011253657438667567
caffeine 17 18 0.0011253657438667567
caffeine 18 19 0.0011253657438667567
caffeine 19 20 0.002475804636506865
caffeine 20 21 0.0
caffeine 21 22 0.0
caffeine 22 23 0.0
caffeine 23 24 0.0006752194463200541
caffeine 24 25 0.0011253657438667567
caffeine 25 26 0.014179608372721135
caffeine 26 27 0.0006752194463200541
caffeine 27 28 0.0009002925950934053
caffeine 28 29 0.00045014629754670267
caffeine 29 30 0.0
caffeine 30 31 0.0
caffeine 31 32 0.0
caffeine 32 33 0.0
caffeine 33 34 0.0006752194463200541
caffeine 34 35 0.0006752194463200541
caffeine 35 36 0.0
caffeine 36 37 0.0006752194463200541
caffeine 37 38 0.0
caffeine 38 39 0.0
caffeine 39 40 0.0022507314877335135
caffeine 40 41 0.0006752194463200541
caffeine 41 42 0.0006752194463200541
caffeine 42 43 0.0013504388926401081
caffeine 43 44 0.0013504388926401081
caffeine 44 45 0.0013504388926401081
caffeine 45 46 0.0013504388926401081
caffeine 46 47 0.0006752194463200541
codeine 0 1 0.2007652487058294
codeine 1 2 0.0934053567409408
codeine 2 3 0.0758496511366194
codeine 3 4 0.08035111411208642
codeine 4 5 0.10375872158451496
codeine 5 6 0.05806887238352464
codeine 6 7 0.03646185010128292
codeine 7 8 0.012829169480081027
codeine 8 9 0.0
codeine 9 10 0.04051316677920324
codeine 10 11 0.0042763898266936756
codeine 11 12 0.0042763898266936756
codeine 12 13 0.030835021381949133
codeine 13 14 0.0042763898266936756
codeine 14 15 0.0
codeine 15 16 0.0076524870582939455
codeine 16 17 0.0
codeine 17 18 0.010803511141120865
codeine 18 19 0.0
codeine 19 20 0.00045014629754670267
codeine 20 21 0.005851901868107134
codeine 21 22 0.0006752194463200541
codeine 22 23 0.00045014629754670267
codeine 23 24 0.0
codeine 24 25 0.0
codeine 25 26 0.0022507314877335135
codeine 26 27 0.0036011703803736214
codeine 27 28 0.0
glucose 0 1 0.07517443169029935
glucose 1 2 0.049966239027684
glucose 2 3 0.02228224172856178
glucose 3 4 0.031510240828269184
glucose 4 5 0.008552779653387351
glucose 5 6 0.006302048165653837
glucose 6 7 0.0031510240828269186
glucose 7 8 0.006977267611973891
glucose 8 9 0.00675219446320054
glucose 9 10 0.0
glucose 10 11 0.00045014629754670267
glucose 11 12 0.004726536124240378
glucose 12 13 0.0
glucose 13 14 0.0
glucose 14 15 0.0
glucose 15 16 0.0
glucose 16 17 0.0
glucose 17 18 0.0
paracetamol 0 1 0.04456448345712356
paracetamol 1 2 0.021381949133468376
paracetamol 2 3 0.02228224172856178
paracetamol 3 4 0.011028584289894216
paracetamol 4 5 0.00045014629754670267
paracetamol 5 6 0.0
paracetamol 6 7 0.0
