caffeine 0 1 1.0
caffeine 1 2 0.2857142857142857
caffeine 2 3 0.16149068322981366
caffeine 3 4 0.13664596273291926
caffeine 4 5 0.13664596273291926
caffeine 5 6 0.0
caffeine 6 7 0.0
caffeine 7 8 0.0
caffeine 8 9 0.018633540372670808
caffeine 9 10 0.0
caffeine 10 11 0.0
caffeine 11 12 0.0
caffeine 12 13 0.018633540372670808
caffeine 13 14 0.0
caffeine 14 15 0.012422360248447204
caffeine 15 16 0.006211180124223602
caffeine 16 17 0.006211180124223602
caffeine 17 18 0.006211180124223602
caffeine 18 19 0.006211180124223602
caffeine 19 20 0.0
caffeine 20 21 0.006211180124223602
caffeine 21 22 0.006211180124223602
caffeine 22 23 0.0
caffeine 23 24 0.0
caffeine 24 25 0.012422360248447204
caffeine 25 26 0.018633540372670808
caffeine 26 27 0.0
caffeine 27 28 0.0
caffeine 28 29 0.012422360248447204
caffeine 29 30 0.0
caffeine 30 31 0.0
caffeine 31 32 0.0
caffeine 32 33 0.024844720496894408
caffeine 33 34 0.0
caffeine 34 35 0.0
caffeine 35 36 0.0
caffeine 36 37 0.0
caffeine 37 38 0.0
caffeine 38 39 0.0
caffeine 39 40 0.0
caffeine 40 41 0.0
caffeine 41 42 0.0
caffeine 42 43 0.0
caffeine 43 44 0.0
caffeine 44 45 0.0
caffeine 45 46 0.0
caffeine 46 47 0.0
codeine 0 1 0.37888198757763975
codeine 1 2 0.2732919254658385
codeine 2 3 0.15527950310559005
codeine 3 4 0.2732919254658385
codeine 4 5 0.2795031055900621
codeine 5 6 0.18633540372670807
codeine 6 7 0.16149068322981366
codeine 7 8 0.012422360248447204
codeine 8 9 0.0
codeine 9 10 0.0
codeine 10 11 0.0
codeine 11 12 0.0
codeine 12 13 0.0
codeine 13 14 0.0
codeine 14 15 0.018633540372670808
codeine 15 16 0.0
codeine 16 17 0.0
codeine 17 18 0.0
codeine 18 19 0.012422360248447204
codeine 19 20 0.0
codeine 20 21 0.0
codeine 21 22 0.0
codeine 22 23 0.0
codeine 23 24 0.0
codeine 24 25 0.0
codeine 25 26 0.0
codeine 26 27 0.0
codeine 27 28 0.0
glucose 0 1 0.782608695652174
glucose 1 2 0.35403726708074534
glucose 2 3 0.17391304347826086
glucose 3 4 0.14906832298136646
glucose 4 5 0.037267080745341616
glucose 5 6 0.062111801242236024
glucose 6 7 0.062111801242236024
glucose 7 8 0.062111801242236024
glucose 8 9 0.049689440993788817
glucose 9 10 0.049689440993788817
glucose 10 11 0.012422360248447204
glucose 11 12 0.018633540372670808
glucose 12 13 0.006211180124223602
glucose 13 14 0.037267080745341616
glucose 14 15 0.037267080745341616
glucose 15 16 0.049689440993788817
glucose 16 17 0.006211180124223602
glucose 17 18 0.037267080745341616
paracetamol 0 1 0.11801242236024845
paracetamol 1 2 0.055900621118012424
paracetamol 2 3 0.055900621118012424
paracetamol 3 4 0.037267080745341616
paracetamol 4 5 0.0
paracetamol 5 6 0.0
paracetamol 6 7 0.0
