caffeine 0 1 1.0
caffeine 1 2 0.3018867924528302
caffeine 2 3 0.2830188679245283
caffeine 3 4 0.1320754716981132
caffeine 4 5 0.1320754716981132
caffeine 5 6 0.07547169811320754
caffeine 6 7 0.07547169811320754
caffeine 7 8 0.07547169811320754
caffeine 8 9 0.07547169811320754
caffeine 9 10 0.05660377358490566
caffeine 10 11 0.05660377358490566
caffeine 11 12 0.05660377358490566
caffeine 12 13 0.05660377358490566
caffeine 13 14 0.03773584905660377
caffeine 14 15 0.03773584905660377
caffeine 15 16 0.03773584905660377
caffeine 16 17 0.03773584905660377
caffeine 17 18 0.018867924528301886
caffeine 18 19 0.018867924528301886
caffeine 19 20 0.018867924528301886
caffeine 20 21 0.018867924528301886
caffeine 21 22 0.018867924528301886
caffeine 22 23 0.018867924528301886
caffeine 23 24 0.018867924528301886
caffeine 24 25 0.018867924528301886
caffeine 25 26 0.018867924528301886
caffeine 26 27 0.018867924528301886
caffeine 27 28 0.018867924528301886
caffeine 28 29 0.018867924528301886
caffeine 29 30 0.018867924528301886
caffeine 30 31 0.018867924528301886
caffeine 31 32 0.018867924528301886
caffeine 32 33 0.018867924528301886
caffeine 33 34 0.018867924528301886
caffeine 34 35 0.018867924528301886
caffeine 35 36 0.018867924528301886
caffeine 36 37 0.018867924528301886
caffeine 37 38 0.018867924528301886
caffeine 38 39 0.018867924528301886
caffeine 39 40 0.018867924528301886
caffeine 40 41 0.018867924528301886
caffeine 41 42 0.018867924528301886
caffeine 42 43 0.018867924528301886
caffeine 43 44 0.018867924528301886
caffeine 44 45 0.018867924528301886
caffeine 45 46 0.018867924528301886
caffeine 46 47 0.018867924528301886
codeine 0 1 0.5283018867924528
codeine 1 2 0.4339622641509434
codeine 2 3 0.3018867924528302
codeine 3 4 0.3018867924528302
codeine 4 5 0.2830188679245283
codeine 5 6 0.2641509433962264
codeine 6 7 0.18867924528301888
codeine 7 8 0.1509433962264151
codeine 8 9 0.1320754716981132
codeine 9 10 0.11320754716981132
codeine 10 11 0.09433962264150944
codeine 11 12 0.05660377358490566
codeine 12 13 0.05660377358490566
codeine 13 14 0.05660377358490566
codeine 14 15 0.03773584905660377
codeine 15 16 0.03773584905660377
codeine 16 17 0.018867924528301886
codeine 17 18 0.018867924528301886
codeine 18 19 0.018867924528301886
codeine 19 20 0.018867924528301886
codeine 20 21 0.018867924528301886
codeine 21 22 0.018867924528301886
codeine 22 23 0.018867924528301886
codeine 23 24 0.018867924528301886
codeine 24 25 0.018867924528301886
codeine 25 26 0.018867924528301886
codeine 26 27 0.018867924528301886
codeine 27 28 0.018867924528301886
glucose 0 1 0.37735849056603776
glucose 1 2 0.3584905660377358
glucose 2 3 0.20754716981132076
glucose 3 4 0.16981132075471697
glucose 4 5 0.07547169811320754
glucose 5 6 0.07547169811320754
glucose 6 7 0.07547169811320754
glucose 7 8 0.07547169811320754
glucose 8 9 0.05660377358490566
glucose 9 10 0.018867924528301886
glucose 10 11 0.018867924528301886
glucose 11 12 0.018867924528301886
glucose 12 13 0.018867924528301886
glucose 13 14 0.018867924528301886
glucose 14 15 0.018867924528301886
glucose 15 16 0.018867924528301886
glucose 16 17 0.018867924528301886
glucose 17 18 0.018867924528301886
paracetamol 0 1 0.16981132075471697
paracetamol 1 2 0.09433962264150944
paracetamol 2 3 0.09433962264150944
paracetamol 3 4 0.05660377358490566
paracetamol 4 5 0.018867924528301886
paracetamol 5 6 0.018867924528301886
paracetamol 6 7 0.018867924528301886
