caffeine 0 1 0.02702702702702703
caffeine 1 2 0.02702702702702703
caffeine 2 3 0.02702702702702703
caffeine 3 4 0.02702702702702703
caffeine 4 5 0.10810810810810811
caffeine 5 6 0.08108108108108109
caffeine 6 7 0.08108108108108109
caffeine 7 8 0.02702702702702703
caffeine 8 9 0.10810810810810811
caffeine 9 10 0.10810810810810811
caffeine 10 11 0.05405405405405406
caffeine 11 12 0.13513513513513514
caffeine 12 13 0.02702702702702703
caffeine 13 14 0.08108108108108109
caffeine 14 15 0.02702702702702703
caffeine 15 16 0.08108108108108109
caffeine 16 17 0.13513513513513514
caffeine 17 18 0.02702702702702703
caffeine 18 19 0.02702702702702703
caffeine 19 20 0.05405405405405406
caffeine 20 21 0.05405405405405406
caffeine 21 22 0.13513513513513514
caffeine 22 23 0.02702702702702703
caffeine 23 24 0.02702702702702703
caffeine 24 25 1.0
caffeine 25 26 1.0
caffeine 26 27 0.10810810810810811
caffeine 27 28 0.05405405405405406
caffeine 28 29 0.02702702702702703
caffeine 29 30 0.05405405405405406
caffeine 30 31 0.08108108108108109
caffeine 31 32 0.05405405405405406
caffeine 32 33 0.02702702702702703
caffeine 33 34 0.10810810810810811
caffeine 34 35 0.02702702702702703
caffeine 35 36 0.08108108108108109
caffeine 36 37 0.05405405405405406
caffeine 37 38 0.02702702702702703
caffeine 38 39 0.05405405405405406
caffeine 39 40 0.13513513513513514
caffeine 40 41 0.13513513513513514
caffeine 41 42 0.02702702702702703
caffeine 42 43 0.02702702702702703
caffeine 43 44 0.02702702702702703
caffeine 44 45 0.02702702702702703
caffeine 45 46 0.02702702702702703
caffeine 46 47 0.05405405405405406
caffeine 47 48 0.02702702702702703
caffeine 48 49 0.35135135135135137
caffeine 49 50 0.02702702702702703
caffeine 50 51 0.13513513513513514
caffeine 51 52 0.05405405405405406
caffeine 52 53 0.08108108108108109
codeine 0 1 0.08108108108108109
codeine 1 2 0.10810810810810811
codeine 2 3 0.21621621621621623
codeine 3 4 0.05405405405405406
codeine 4 5 0.02702702702702703
codeine 5 6 0.05405405405405406
codeine 6 7 0.02702702702702703
codeine 7 8 0.02702702702702703
codeine 8 9 0.05405405405405406
codeine 9 10 0.02702702702702703
codeine 10 11 0.05405405405405406
codeine 11 12 0.08108108108108109
codeine 12 13 0.02702702702702703
codeine 13 14 0.02702702702702703
codeine 14 15 0.05405405405405406
codeine 15 16 0.02702702702702703
codeine 16 17 0.02702702702702703
codeine 17 18 0.02702702702702703
codeine 18 19 0.05405405405405406
codeine 19 20 0.21621621621621623
codeine 20 21 0.02702702702702703
codeine 21 22 0.02702702702702703
codeine 22 23 0.02702702702702703
codeine 23 24 0.02702702702702703
codeine 24 25 0.05405405405405406
codeine 25 26 0.05405405405405406
codeine 26 27 0.2972972972972973
codeine 27 28 0.05405405405405406
codeine 28 29 0.08108108108108109
glucose 0 1 0.02702702702702703
glucose 1 2 0.02702702702702703
glucose 2 3 0.02702702702702703
glucose 3 4 0.10810810810810811
glucose 4 5 0.05405405405405406
glucose 5 6 0.02702702702702703
glucose 6 7 0.02702702702702703
glucose 7 8 0.02702702702702703
glucose 8 9 0.02702702702702703
glucose 9 10 0.02702702702702703
glucose 10 11 0.02702702702702703
glucose 11 12 0.02702702702702703
glucose 12 13 0.05405405405405406
glucose 13 14 0.13513513513513514
glucose 14 15 0.05405405405405406
glucose 15 16 0.05405405405405406
glucose 16 17 0.05405405405405406
glucose 17 18 0.02702702702702703
glucose 18 19 0.10810810810810811
glucose 19 20 0.02702702702702703
glucose 20 21 0.02702702702702703
glucose 21 22 0.0
paracetamol 0 1 0.05405405405405406
paracetamol 1 2 0.05405405405405406
paracetamol 2 3 0.08108108108108109
paracetamol 3 4 0.02702702702702703
paracetamol 4 5 0.05405405405405406
paracetamol 5 6 0.02702702702702703
paracetamol 6 7 0.02702702702702703
paracetamol 7 8 0.10810810810810811
