caffeine 0 1 0.0
caffeine 1 2 0.043010752688172046
caffeine 2 3 0.0
caffeine 3 4 0.7741935483870968
caffeine 4 5 0.0
caffeine 5 6 0.0
caffeine 6 7 0.029185867895545316
caffeine 7 8 0.0
caffeine 8 9 0.041474654377880185
caffeine 9 10 0.06451612903225806
caffeine 10 11 0.021505376344086023
caffeine 11 12 0.17204301075268819
caffeine 12 13 0.0
caffeine 13 14 0.026113671274961597
caffeine 14 15 0.010752688172043012
caffeine 15 16 0.0
caffeine 16 17 0.03225806451612903
caffeine 17 18 0.0
caffeine 18 19 0.0
caffeine 19 20 0.0
caffeine 20 21 0.0
caffeine 21 22 0.0
caffeine 22 23 0.0
caffeine 23 24 0.010752688172043012
caffeine 24 25 0.0
caffeine 25 26 0.0
caffeine 26 27 0.0
caffeine 27 28 0.02457757296466974
caffeine 28 29 0.0
caffeine 29 30 0.029185867895545316
caffeine 30 31 0.0
caffeine 31 32 0.04915514592933948
caffeine 32 33 0.0
caffeine 33 34 0.0
caffeine 34 35 0.12903225806451613
caffeine 35 36 0.030721966205837174
caffeine 36 37 0.018433179723502304
caffeine 37 38 0.20583717357910905
caffeine 38 39 0.0
caffeine 39 40 0.0
caffeine 40 41 0.053763440860215055
caffeine 41 42 0.0
caffeine 42 43 0.0
caffeine 43 44 0.03225806451612903
caffeine 44 45 0.08602150537634409
caffeine 45 46 0.0
caffeine 46 47 0.0
caffeine 47 48 0.0
caffeine 48 49 0.0
caffeine 49 50 0.0
caffeine 50 51 0.05222734254992319
caffeine 51 52 0.03225806451612903
caffeine 52 53 0.0
codeine 0 1 0.07680491551459294
codeine 1 2 0.12903225806451613
codeine 2 3 0.03686635944700461
codeine 3 4 0.0
codeine 4 5 0.0
codeine 5 6 0.08602150537634409
codeine 6 7 0.12903225806451613
codeine 7 8 0.021505376344086023
codeine 8 9 0.053763440860215055
codeine 9 10 0.021505376344086023
codeine 10 11 0.8387096774193549
codeine 11 12 0.043010752688172046
codeine 12 13 0.01228878648233487
codeine 13 14 0.010752688172043012
codeine 14 15 0.24731182795698925
codeine 15 16 0.006144393241167435
codeine 16 17 0.0
codeine 17 18 0.021505376344086023
codeine 18 19 0.0
codeine 19 20 0.0
codeine 20 21 0.053763440860215055
codeine 21 22 0.03225806451612903
codeine 22 23 0.12903225806451613
codeine 23 24 0.0
codeine 24 25 0.0
codeine 25 26 0.07526881720430108
codeine 26 27 0.11059907834101383
codeine 27 28 0.0
codeine 28 29 0.0
glucose 0 1 0.015360983102918587
glucose 1 2 0.010752688172043012
glucose 2 3 0.06912442396313365
glucose 3 4 0.03533026113671275
glucose 4 5 0.1259600614439324
glucose 5 6 0.043010752688172046
glucose 6 7 0.021505376344086023
glucose 7 8 0.021505376344086023
glucose 8 9 0.1858678955453149
glucose 9 10 0.08602150537634409
glucose 10 11 0.04608294930875576
glucose 11 12 0.0
glucose 12 13 0.09523809523809523
glucose 13 14 0.09984639016897082
glucose 14 15 0.03225806451612903
glucose 15 16 0.03686635944700461
glucose 16 17 0.015360983102918587
glucose 17 18 0.12903225806451613
glucose 18 19 0.021505376344086023
glucose 19 20 0.021505376344086023
glucose 20 21 0.12903225806451613
glucose 21 22 0.0
paracetamol 0 1 0.021505376344086023
paracetamol 1 2 0.021505376344086023
paracetamol 2 3 0.018433179723502304
paracetamol 3 4 0.1490015360983103
paracetamol 4 5 0.06451612903225806
paracetamol 5 6 0.0706605222734255
paracetamol 6 7 0.03225806451612903
paracetamol 7 8 0.043010752688172046
