caffeine 0 1 0.09831029185867896
caffeine 1 2 0.2457757296466974
caffeine 2 3 0.21505376344086022
caffeine 3 4 1.0
caffeine 4 5 0.2304147465437788
caffeine 5 6 0.18433179723502305
caffeine 6 7 0.3901689708141321
caffeine 7 8 0.027649769585253458
caffeine 8 9 0.05069124423963134
caffeine 9 10 0.22119815668202766
caffeine 10 11 0.03225806451612903
caffeine 11 12 0.21812596006144394
caffeine 12 13 0.08294930875576037
caffeine 13 14 0.33947772657450076
caffeine 14 15 0.0967741935483871
caffeine 15 16 0.1336405529953917
caffeine 16 17 0.06605222734254992
caffeine 17 18 0.015360983102918587
caffeine 18 19 0.039938556067588324
caffeine 19 20 0.1597542242703533
caffeine 20 21 0.09831029185867896
caffeine 21 22 0.05069124423963134
caffeine 22 23 0.09523809523809523
caffeine 23 24 0.09370199692780339
caffeine 24 25 0.2457757296466974
caffeine 25 26 0.0030721966205837174
caffeine 26 27 0.030721966205837174
caffeine 27 28 0.05837173579109063
caffeine 28 29 0.07680491551459294
caffeine 29 30 0.029185867895545316
caffeine 30 31 0.16436251920122888
caffeine 31 32 0.07987711213517665
caffeine 32 33 0.009216589861751152
caffeine 33 34 0.03686635944700461
caffeine 34 35 0.20276497695852536
caffeine 35 36 0.030721966205837174
caffeine 36 37 0.23348694316436253
caffeine 37 38 0.29185867895545314
caffeine 38 39 0.02457757296466974
caffeine 39 40 0.05069124423963134
caffeine 40 41 0.053763440860215055
caffeine 41 42 0.1382488479262673
caffeine 42 43 0.17204301075268819
caffeine 43 44 0.059907834101382486
caffeine 44 45 0.11367127496159754
caffeine 45 46 0.18433179723502305
caffeine 46 47 0.055299539170506916
caffeine 47 48 0.01228878648233487
caffeine 48 49 0.663594470046083
caffeine 49 50 0.783410138248848
caffeine 50 51 0.05222734254992319
caffeine 51 52 0.059907834101382486
caffeine 52 53 0.14746543778801843
codeine 0 1 0.19201228878648233
codeine 1 2 0.2534562211981567
codeine 2 3 0.5284178187403994
codeine 3 4 0.027649769585253458
codeine 4 5 0.0
codeine 5 6 0.1382488479262673
codeine 6 7 0.12903225806451613
codeine 7 8 0.021505376344086023
codeine 8 9 0.2749615975422427
codeine 9 10 0.039938556067588324
codeine 10 11 0.8387096774193549
codeine 11 12 0.16589861751152074
codeine 12 13 0.01228878648233487
codeine 13 14 0.05069124423963134
codeine 14 15 0.2565284178187404
codeine 15 16 0.015360983102918587
codeine 16 17 0.018433179723502304
codeine 17 18 0.06144393241167435
codeine 18 19 0.15668202764976957
codeine 19 20 0.039938556067588324
codeine 20 21 0.46236559139784944
codeine 21 22 0.07526881720430108
codeine 22 23 0.24423963133640553
codeine 23 24 0.07987711213517665
codeine 24 25 0.4592933947772657
codeine 25 26 0.1382488479262673
codeine 26 27 0.6113671274961597
codeine 27 28 0.0
codeine 28 29 0.013824884792626729
glucose 0 1 0.015360983102918587
glucose 1 2 0.09370199692780339
glucose 2 3 0.06912442396313365
glucose 3 4 0.03533026113671275
glucose 4 5 0.1259600614439324
glucose 5 6 0.043010752688172046
glucose 6 7 0.021505376344086023
glucose 7 8 0.021505376344086023
glucose 8 9 0.1858678955453149
glucose 9 10 0.08602150537634409
glucose 10 11 0.04608294930875576
glucose 11 12 0.0
glucose 12 13 0.09523809523809523
glucose 13 14 0.09984639016897082
glucose 14 15 0.03225806451612903
glucose 15 16 0.03686635944700461
glucose 16 17 0.015360983102918587
glucose 17 18 0.12903225806451613
glucose 18 19 0.10906298003072197
glucose 19 20 0.021505376344086023
glucose 20 21 0.17511520737327188
glucose 21 22 0.0
paracetamol 0 1 0.03686635944700461
paracetamol 1 2 0.03379416282642089
paracetamol 2 3 0.04608294930875576
paracetamol 3 4 0.271889400921659
paracetamol 4 5 0.08294930875576037
paracetamol 5 6 0.11981566820276497
paracetamol 6 7 0.03840245775729647
paracetamol 7 8 0.05683563748079877
